(53.3, 47.6, 0), (53.3, 39.9, 0), (53.3, 37.1, 0), (53.3, 29.3, 0)
(53.0, 22.5, 0), (53.0, 1.8, 0)
(50.2, 14.1, 0), (50.2, 12.3, 0)
(47.6, 14.1, 0), (47.6, 12.3, 0)
(45.8, 14.1, 0), (45.8, 13.9, 0), (45.8, 12.5, 0), (45.8, 11.9, 0), (45.8, 9.6, 0), (45.8, 1.8, 0)
(44.4, 48.8, 0), (44.4, 44.8, 0)
(43.1, 22.5, 0), (43.1, 12.3, 0)
(40.8, 9.4, 0), (40.8, 1.8, 0)
(40.2, 48.8, 0), (40.2, 44.8, 0)
(29.9, 38.4, 0), (29.9, 35.6, 0)
(28.5, 16.6, 0), (28.5, 14.8, 0)
(25.9, 22.5, 0), (25.9, 14.6, 0)
(24.0, 22.5, 0), (24.0, 20.6, 0), (24.0, 16.4, 0), (24.0, 14.8, 0)
(23.0, 38.4, 0), (23.0, 38.1, 0), (23.0, 35.8, 0), (23.0, 35.6, 0)
(20.0, 11.7, 0), (20.0, 8.0, 0)
(15.8, 48.8, 0), (15.8, 44.8, 0)
(13.6, 22.5, 0), (13.6, 7.8, 0), (13.6, 5.5, 0), (13.6, 1.8, 0)
(11.6, 48.8, 0), (11.6, 44.8, 0)
(11.2, 3.5, 0), (11.2, 1.8, 0)
(10.2, 8.5, 0), (10.2, 6.1, 0)
(6.6, 3.5, 0), (6.6, 1.8, 0)
(2.4, 47.6, 0), (2.4, 39.9, 0), (2.4, 37.1, 0), (2.4, 29.3, 0)
(2.1, 22.5, 0), (2.1, 18.3, 0), (2.1, 15.5, 0), (2.1, 11.4, 0), (2.1, 8.8, 0), (2.1, 5.9, 0), (2.1, 3.6, 0), (2.1, 1.8, 0)
