(44.4, 48.8, 0), (43.6, 48.8, 0), (41.0, 48.8, 0), (40.2, 48.8, 0), (15.8, 48.8, 0), (15.0, 48.8, 0), (12.4, 48.8, 0), (11.6, 48.8, 0)
(53.3, 44.8, 0), (44.4, 44.8, 0), (40.2, 44.8, 0), (15.8, 44.8, 0), (11.6, 44.8, 0), (2.4, 44.8, 0)
(29.9, 38.4, 0), (23.0, 38.4, 0)
(29.9, 35.6, 0), (23.0, 35.6, 0)
(53.3, 32.3, 0), (2.4, 32.3, 0)
(53.0, 22.5, 0), (50.7, 22.5, 0), (45.4, 22.5, 0), (38.5, 22.5, 0), (33.2, 22.5, 0), (28.9, 22.5, 0), (26.1, 22.5, 0), (21.5, 22.5, 0), (16.2, 22.5, 0), (11.6, 22.5, 0), (4.1, 22.5, 0), (2.1, 22.5, 0)
(28.5, 16.6, 0), (28.3, 16.6, 0), (26.1, 16.6, 0), (25.9, 16.6, 0)
(28.5, 14.8, 0), (24.0, 14.8, 0)
(53.0, 14.1, 0), (50.0, 14.1, 0), (47.9, 14.1, 0), (45.6, 14.1, 0), (43.3, 14.1, 0), (43.1, 14.1, 0)
(53.0, 12.3, 0), (52.6, 12.3, 0), (50.4, 12.3, 0), (45.8, 12.3, 0), (43.1, 12.3, 0), (38.0, 12.3, 0), (29.2, 12.3, 0), (17.7, 12.3, 0), (15.5, 12.3, 0), (13.6, 12.3, 0)
(45.8, 9.4, 0), (43.3, 9.4, 0), (41.0, 9.4, 0), (40.8, 9.4, 0), (26.4, 9.4, 0), (22.5, 9.4, 0), (20.2, 9.4, 0), (20.0, 9.4, 0)
(13.6, 8.5, 0), (13.1, 8.5, 0), (10.6, 8.5, 0), (2.1, 8.5, 0)
(20.0, 8.0, 0), (13.6, 8.0, 0)
(10.2, 6.1, 0), (8.8, 6.1, 0), (3.8, 6.1, 0), (2.1, 6.1, 0)
(45.8, 5.8, 0), (43.5, 5.8, 0)
(11.2, 3.5, 0), (11.0, 3.5, 0), (6.8, 3.5, 0), (6.6, 3.5, 0)
(53.0, 1.8, 0), (50.7, 1.8, 0), (47.9, 1.8, 0), (43.4, 1.8, 0), (41.1, 1.8, 0), (38.0, 1.8, 0), (33.1, 1.8, 0), (23.1, 1.8, 0), (20.8, 1.8, 0), (2.1, 1.8, 0)
